
Handles  NPM(K)    PM(K)      WS(K) VM(M)   CPU(s)     Id ProcessName                                                               
-------  ------    -----      ----- -----   ------     -- -----------                                                               
    103       9     1528       1100    84   143.94  16780 ApMsgFwd                                                                  
    113       9     1480       2016    81     0.09   2032 ApntEx                                                                    
    267      18     3712       3748   122    22.19  15804 Apoint                                                                    
    203      13     4500      17156 ...82     0.58  12468 ApplicationFrameHost                                                      
  41889      19     4276       7428    93            3276 Architect Manager                                                         
    253      16     2804       2300    71            2708 armsvc                                                                    
    123      18     1436       1000    44            4548 aspnet_state                                                              
    149      11     6032      10452 ...96     0.06   4692 audiodg                                                                   
    138      10     1744        956    69            2556 BtwRSupportService                                                        
    319      46   106876      42424 ...26     8.09    664 chrome                                                                    
    210      56   268080     175984 ...26 1,187.30   1276 chrome                                                                    
    225      27    82716      82148 ...87   325.84   1592 chrome                                                                    
    249      32    83084      60280 ...77 2,717.66   2072 chrome                                                                    
    210      20    31696      27496 ...86     3.81   2124 chrome                                                                    
    210      19    27956      23796 ...75     0.83   2168 chrome                                                                    
    109       9     1556       6836 ...34     0.08   2256 chrome                                                                    
    230      90   346064     293432 ...94 1,581.20   2796 chrome                                                                    
    210      24    64348      34472 ...40   103.89   3040 chrome                                                                    
    261      56   165552     138948 ...72 2,731.02   5720 chrome                                                                    
    225      31    94952      67148 ...72    58.59   5948 chrome                                                                    
    263      30    83172      46108 ...43    40.13   6336 chrome                                                                    
    211      80   308176     258716 ...08 3,278.11   7604 chrome                                                                    
    313      38    89744      39872 ...89     5.66   8164 chrome                                                                    
    229    1107   224016      35908 ...80   687.61   8260 chrome                                                                    
   5229     149   489520     353404 ...88 ...92.34   8636 chrome                                                                    
    210      41   133560      93396 ...02   278.69   9548 chrome                                                                    
    222      25    62004      37480 ...16    50.44  10252 chrome                                                                    
    291      38    88876      38336 ...72     3.63  10520 chrome                                                                    
    218      23    47712      29196 ...04     8.27  10612 chrome                                                                    
    403       8     1584       5492 ...31     0.19  10700 chrome                                                                    
    314      46   107984      44520 ...25    20.94  10780 chrome                                                                    
    210      22    39312      26012 ...94     1.95  12124 chrome                                                                    
    307      45   106836     117096 ...18     7.13  12320 chrome                                                                    
    210      23    50924      28736 ...01    13.31  12672 chrome                                                                    
    231      28    82932      54300 ...52    47.50  13444 chrome                                                                    
    210      25    57824      26644 ...12     6.23  14140 chrome                                                                    
    211      24    67492      32744 ...39    16.81  14524 chrome                                                                    
    305      39    94288      39748 ...93     4.72  14736 chrome                                                                    
    346      60   172044     166444 ...73   678.98  15332 chrome                                                                    
    262      22    32164      26584 ...93     0.98  16252 chrome                                                                    
    210      23    48588      27452 ...01     4.61  17328 chrome                                                                    
    306      38    91716      40140 ...88     4.61  17760 chrome                                                                    
    231      23    37896      26708 ...97     3.77  18404 chrome                                                                    
    354      37   283132     104640 ...43 1,865.81  18488 chrome                                                                    
    210      21    38100      25240 ...92     3.13  18520 chrome                                                                    
    322      45   104792      49376 ...22     8.83  18576 chrome                                                                    
    224      25    49360      27748 ...64     4.64  18696 chrome                                                                    
    305      38    88288      39640 ...87     4.23  19240 chrome                                                                    
    212      43   280192     237348 ...44 ...76.11  19244 chrome                                                                    
    667     338  1689976    1345672 ...27 ...93.97  19288 chrome                                                                    
    210      41   145236      32532 ...02   220.88  19408 chrome                                                                    
    298      42    90652      63572 ...05    28.98  19856 chrome                                                                    
    314      44   101892      58272 ...13     5.28  19888 chrome                                                                    
    313      39    92016      39296 ...90     4.89  20120 chrome                                                                    
    488      17    73376       5472   149            1076 cmcore                                                                    
    323      30    11384       3196   255    70.45  18016 cmtray                                                                    
    110       9    10340       6476 ...42     0.06  10348 conhost                                                                   
    107       9     9448       1792 ...42     0.05  13812 conhost                                                                   
    245      11     2580       4056    67            3288 creator-ws                                                                
    619      19     1492       1792 ...05             520 csrss                                                                     
    755      29     2540       9588 ...19           18660 csrss                                                                     
    348      18     6784      10136 ...02            1464 dasHost                                                                   
    785      23    10960       5872   127            1644 DisplayLinkManager                                                        
    145       8     1868        740    88     3.72  18176 DisplayLinkUI                                                             
    173      10     2108       4008    67           10984 DisplayLinkUserAgent                                                      
    264      22     6768       9360 ...25    25.20   6284 dllhost                                                                   
    134       8     1528       1176 ...33     0.09   7244 dllhost                                                                   
    300      16    14100       4140   118            8152 ducservice                                                                
    454      32    67740      49068 ...20           11476 dwm                                                                       
   1147      48    31808      31048   246     4.28  20220 EXCEL                                                                     
      0     310     2224       1404 ...66     0.00   7592 explorer                                                                  
   5716     533   281576     210976 ...01 7,441.66  19060 explorer                                                                  
     36       6      816        656 ...07           17180 fontdrvhost                                                               
    156      10     1536        764    55           10952 GoogleCrashHandler                                                        
    138       8     1440         60    59           12532 GoogleCrashHandler64                                                      
    366      21     4792       7152    94           16000 GoogleUpdate                                                              
     63       6      916       1584    47     0.08  17488 hidfind                                                                   
     89       6     1036       1036    25            2548 HidMonitorSvc                                                             
    175      30     8012       1028   235            3104 httpd                                                                     
    309      55    13324        824   268            5156 httpd                                                                     
    163       8     1720       2204    61            2668 HWDeviceService64                                                         
      0       0        0          4     0               0 Idle                                                                      
    840      46    19676      24548   277    53.72  14976 IDMan                                                                     
    131      10     1560       1852    79    63.69  14024 IEMonitor                                                                 
    151       9     1772       1488    38            1292 igfxCUIService                                                            
    209      15     7552       4464   110     0.89  18908 igfxEM                                                                    
    118      10     5196       1144    64     0.19   9684 igfxHK                                                                    
    157      15     8352       2168 ...11            2692 inetinfo                                                                  
    226      20    29880      19308   906    23.20   4756 kbfsdokan                                                                 
    271      20    38064      20168   887    27.42  10160 keybase                                                                   
    263      25    18332      23304   250     1.23  15016 Keybase                                                                   
    442      36    53100      41056   376     9.45  15692 Keybase                                                                   
    668     110    84660      56912   844   689.63  15880 Keybase                                                                   
    188      16    27976      13108   884     8.91  18004 keybase                                                                   
    451      35    56516      34692   391     2.23  18836 Keybase                                                                   
   1527      30     8640      12388 ...47             748 lsass                                                                     
    196      10     1960       1780    59            2776 mbbService                                                                
    142      13     2184       2132    27            2532 mDNSResponder                                                             
    350      21    79744      11020   148            2756 mongod                                                                    
    277      14     3824       9328 ...95           17612 MpCmdRun                                                                  
    323      30     4324       2036 ...34            2944 mqsvc                                                                     
    199      12     2112       1100 ...91            4132 mqtgsvc                                                                   
    243      17     5552       5892 ...51     6.86  10096 MSASCui                                                                   
    634      74   222528     200656 ...73            4160 MsMpEng                                                                   
    624      24   579480       2108   654            2528 mysqld                                                                    
  42704      12    91296       2336   128            2892 mysqld                                                                    
    192      27    24892       9480 ...30            6032 NisSrv                                                                    
    191      18     8672      14644   124     2.58  11996 notepad++                                                                 
   5023      82    74568      12632   350            7040 NS                                                                        
    943      52    16800      10188   288   380.00  13776 NS                                                                        
      0     616      936         32    95     0.00  14884 POWERPNT                                                                  
   1234     188    96044       6412   402    92.44  19840 POWERPNT                                                                  
    894      85   225752     194960  1095   160.75   4700 powershell_ise                                                            
    715      76   159768     105876 18860            4048 ReportingServicesService                                                  
    509      31    15100      26744 ...92    35.31  15084 RuntimeBroker                                                             
    738      77    61652      31612 ...34           12644 SearchIndexer                                                             
    627      38    25036      32340 33093    20.73  10148 SearchUI                                                                  
    381      11     4124       4696 ...75             732 services                                                                  
    671      29    18740       1704 ...86   222.98  17464 SettingSyncHost                                                           
   1099      54    45108      36756   383   157.08  17956 ShellExperienceHost                                                       
    379      16     5452      14588 ...52    18.23  16204 sihost                                                                    
     49       3      360        200 ...56             396 smss                                                                      
    119       9     1608       6140 ...23     0.13   9744 splwow64                                                                  
    424      24     6896       4824 ...17            2284 spoolsv                                                                   
    114       9     1876       1520    38            3652 sqlwriter                                                                 
    944      59    13208      22020 ...45               8 svchost                                                                   
   1114      59    20696      21692 ...55             588 svchost                                                                   
    968      57    13660      16000 ...76             612 svchost                                                                   
   5274     115    41340      44560 ...04             728 svchost                                                                   
    544     136     6304       7528 ...24             800 svchost                                                                   
    636      23     7264       8748 ...20             844 svchost                                                                   
    801      22     6540       7860 ...40             908 svchost                                                                   
   1989      53   225396     213604 ...25            1012 svchost                                                                   
    192      15     4036       2644 ...01            1936 svchost                                                                   
    709      56    24976      27000 ...39            1940 svchost                                                                   
    126      11     3128       2060 ...93            2444 svchost                                                                   
    449      24    16584      14944 ...07            2460 svchost                                                                   
    283      14     4212       1716 ...01            2488 svchost                                                                   
    163      12     2184       4152 ...96            3644 svchost                                                                   
    217      17     6228       8168 ...63            3836 svchost                                                                   
    495      28     5772      12420 ...47    20.77  18724 svchost                                                                   
   2039       0     3528    1155608  1349               4 System                                                                    
    302      20     7204       7216 ...86     4.09   3664 taskhostw                                                                 
    274      19     3088       4788 ...69     4.00  11420 taskhostw                                                                 
    102      18      908        916 ...73            3440 TCPSVCS                                                                   
    639      48    12040      15600   200    19.73   1728 TeamViewer                                                                
   1379      33    10108      11380   111            3880 TeamViewer_Service                                                        
    143      10     1276       1176    75            1868 tv_w32                                                                    
    133       9     1312        772    81           16796 tv_x64                                                                    
    103       7     1340       1840 ...82            2136 unsecapp                                                                  
    204      16    25884      11864   861     3.97   8224 upd                                                                       
    469      23    10024       4316 ...67            4040 vmms                                                                      
    123       9     1324        392 ...93             624 wininit                                                                   
    206       9     1864       2796 ...05           13104 winlogon                                                                  
    349      16    11588      15628 ...14            2384 WmiPrvSE                                                                  
    150      10     5392       8372 ...88            2844 WmiPrvSE                                                                  
    143      10     2208       1108 ...22            1500 WmsSelfHealingSvc                                                         
    202      14     2660       2280 ...54           12460 WmsSessionAgent                                                           
    445      44     7112       7028 ...43            1508 WmsSvc                                                                    


